	idx	beta	pval	cilb	ciub	i2	tau2	symbol
ENSG00000125755	10953	0.350774423281306	7.81399178802552e-27	0.28666815908245	0.414880687480162	82.458449933007	0.0166676266628589	SYMPK
ENSG00000127191	21317	0.77171763611438	1.02973010039149e-19	0.605244151948217	0.938191120280543	95.2996025374794	0.146682088799682	TRAF2
ENSG00000132970	19684	-1.52205760497533	1.15172409782764e-19	-1.85083401195993	-1.19328119799073	97.138449709849	0.569894179118097	WASF3
ENSG00000101412	28609	2.0352725178298	3.87215178905662e-19	1.58909662228033	2.48144841337928	98.0067804911249	1.07252255921978	E2F1
ENSG00000087088	10414	0.767701466351636	3.32907873859304e-15	0.576703140579247	0.958699792124024	96.0128844963149	0.19427348189014	BAX
ENSG00000258947	3144	2.51025142757578	7.94581021858578e-15	1.87691939968396	3.1435834554676	94.6097941128762	2.1152226734867	TUBB3
ENSG00000107562	27267	-2.22944160631427	8.76838559098802e-15	-2.79283160656119	-1.66605160606735	98.5778035108507	1.80971397947559	CXCL12
ENSG00000170345	19761	-1.83474934105362	8.71020101232819e-14	-2.31684943493642	-1.35264924717082	94.5362332705794	1.19616597586911	FOS
ENSG00000174175	30645	-1.97420497790029	3.65105989070507e-13	-2.50659646779726	-1.44181348800331	97.9783735137599	1.56562147861939	SELP
ENSG00000013297	5923	-1.72863805383622	6.26389463873207e-13	-2.19955554745089	-1.25772056022154	96.6752137042283	1.12244072703553	CLDN11
ENSG00000105647	7862	0.694250283913238	7.35733001437731e-13	0.504542109632299	0.883958458194177	92.583353709777	0.178782470824428	PIK3R2
ENSG00000126456	12311	0.477234169815426	1.83750027058524e-12	0.344488898543867	0.609979441086984	92.7778989576548	0.0852094036194313	IRF3
ENSG00000100985	29359	2.21757723989064	4.37634254056287e-12	1.58989363470814	2.84526084507314	95.0034762304763	2.1281294818003	MMP9
ENSG00000105397	809	0.438181400491423	4.41266664961074e-12	0.314133511828258	0.562229289154587	95.4081886832638	0.0804574832666645	TYK2
ENSG00000196914	11938	-0.430379684817199	5.37294830097527e-12	-0.552712525927989	-0.308046843706409	91.9630426574402	0.0690697024935099	ARHGEF12
ENSG00000179915	23301	-3.71187013917719	6.42622183716204e-12	-4.7708619360165	-2.65287834233788	98.5614807865078	6.48056831057358	NRXN1
ENSG00000104695	29833	-0.526758268291162	1.70134433890125e-11	-0.680174191848201	-0.373342344734123	97.7375728364916	0.130284186517872	PPP2CB
ENSG00000150672	4244	-1.79921357859187	2.09674732378417e-11	-2.32560995353039	-1.27281720365335	98.7069840307583	1.59445673027749	DLG2
ENSG00000111640	10538	0.839693245687194	3.15766797359604e-11	0.59180010689488	1.08758638447951	97.8806756844196	0.332483668483594	GAPDH
ENSG00000196230	25179	0.583734449646835	3.68711871094359e-11	0.410808940832774	0.756659958460895	96.6325766187351	0.156227690259417	TUBB
ENSG00000180900	8038	0.650278769653281	3.81719760142123e-11	0.457490686610302	0.843066852696261	96.5653063914522	0.207410943238133	SCRIB
ENSG00000033050	1140	0.387029494756251	6.99528572446292e-11	0.270698871440219	0.503360118072282	97.2211077670055	0.0745877081811616	ABCF2
ENSG00000172260	21798	-2.45134370856631	8.08409345302423e-11	-3.1906151535318	-1.71207226360082	98.4914512146857	3.05519143905695	NEGR1
ENSG00000116473	10170	-0.612446938019173	1.53303071898599e-10	-0.799945268299902	-0.424948607738443	98.1627645936065	0.18696573214518	RAP1A
ENSG00000241685	29540	0.406994007090283	3.18511985319477e-10	0.280164378614977	0.533823635565589	96.6265439480744	0.0878664009258524	ARPC1A
ENSG00000132646	26461	0.977384328326895	3.25437642254523e-10	0.672644799153413	1.28212385750038	98.9263716579316	0.521116215706697	PCNA
ENSG00000077943	24796	-1.76993177515111	3.46122697600902e-10	-2.32262254603856	-1.21724100426366	98.4004204131098	1.67979879217392	ITGA8
ENSG00000144668	22366	-1.37934061247225	3.70144233437187e-10	-1.81078079313198	-0.947900431812519	98.261289489419	0.998223376255722	ITGA9
ENSG00000128849	15112	-1.90381910922707	3.8277547799967e-10	-2.4998069347563	-1.30783128369784	98.9758115704214	1.9968164075542	CGNL1
ENSG00000149294	24301	-2.3499103027014	4.48918627166945e-10	-3.08848375911396	-1.61133684628884	98.6166243174793	2.98428305376275	NCAM1
ENSG00000107186	27069	-1.14513348361211	4.52676951388636e-10	-1.50512264129915	-0.785144325925072	98.0650600077696	0.699591290038199	MPDZ
ENSG00000184216	30258	0.720333001060382	5.61517263507926e-10	0.492650975921636	0.948015026199129	98.1132809092226	0.295289558468226	IRAK1
ENSG00000086232	7453	0.491263985538808	5.62540045836021e-10	0.335978659283905	0.646549311793712	98.5654636462624	0.134091292893313	EIF2AK1
ENSG00000109339	23289	-1.42897459885003	7.99934528864553e-10	-1.88475422934979	-0.973194968350276	98.822055622668	1.15921259002368	MAPK10
ENSG00000133392	7252	-2.99708780241852	9.13921028711214e-10	-3.95633235845695	-2.0378432463801	98.8399972643709	5.05434653342086	MYH11
ENSG00000174775	4095	0.55503601825548	1.19616477870169e-09	0.376135494746457	0.733936541764503	95.3399068779198	0.165209925112038	HRAS
ENSG00000158481	347	-1.25748756954354	1.47644580461984e-09	-1.66507224591361	-0.849902893173458	93.1486931699474	0.80572117533758	CD1C
ENSG00000015475	22028	0.676853639130981	1.96077591764528e-09	0.455789890139179	0.897917388122783	97.5027039857577	0.268727823389878	BID
ENSG00000103855	10340	0.871069412638367	2.32037924298739e-09	0.58526899954642	1.15686982573031	98.2458660162723	0.429256689523141	CD276
ENSG00000183230	11332	-2.88957873322234	2.84313629095172e-09	-3.84295942263585	-1.93619804380883	98.5952751958135	5.1159472285086	CTNNA3
ENSG00000163531	1232	-1.60407198357798	5.05952313312766e-09	-2.14193586434702	-1.06620810280895	98.5243737315203	1.62374116063015	NFASC
ENSG00000112242	28870	0.691037046674437	1.65523938337246e-08	0.451091381390861	0.930982711958012	97.4917701692036	0.311805322260524	E2F3
ENSG00000111331	13558	0.90441888831797	1.98341621735755e-08	0.588636060095484	1.22020171654046	96.8473782208167	0.537594903182647	OAS3
ENSG00000007968	12561	2.10243026963393	2.68382991597028e-08	1.36141969619301	2.84344084307486	98.3669376425831	3.04642493589613	E2F2
ENSG00000175104	4719	-0.297477441699758	4.48991162725849e-08	-0.404059010980625	-0.190895872418892	94.295841041375	0.0569849138115905	TRAF6
ENSG00000154721	4650	-1.74512009752687	5.84561073255935e-08	-2.37578247287655	-1.11445772217719	99.2647450644394	2.23958329410798	JAM2
ENSG00000154654	25385	-1.59575573848651	6.22023178259717e-08	-2.17362352506034	-1.01788795191268	98.1629044079147	1.85874750341372	NCAM2
ENSG00000145675	21810	-0.75630248712932	1.92468165768347e-07	-1.04101093894419	-0.471594035314451	97.8078751456503	0.455519966742715	PIK3R1
ENSG00000198121	2839	-1.05056282563102	1.95802435503926e-07	-1.44628737769052	-0.654838273571514	97.9558176085512	0.820545131929627	LPAR1
ENSG00000125414	5801	-2.80213373400846	2.12547915990954e-07	-3.86074316298005	-1.74352430503687	95.0428753217871	5.61158249447652	MYH2
ENSG00000007908	18012	-1.78343206000485	4.17639529465672e-07	-2.47413437932764	-1.09272974068206	95.0429335441529	2.49959774673231	SELE
ENSG00000164877	9360	0.743666093545751	6.03328378037712e-07	0.451578852317963	1.03575333477354	96.4952101602975	0.449236819415181	MICALL2
ENSG00000111229	28666	0.374920665836856	6.19787070167426e-07	0.227510681457297	0.522330650216416	95.5525414940491	0.11303495432185	ARPC3
ENSG00000159216	21091	0.95672303039459	6.36522576148624e-07	0.580172717276259	1.33327334351292	97.3378724302695	0.749614398209722	RUNX1
ENSG00000169245	20971	1.47301836445767	6.40249953974954e-07	0.893131170475593	2.05290555843975	95.8388430887067	1.84052990363363	CXCL10
ENSG00000151276	6098	-0.727441726411991	6.85305633639996e-07	-1.01457588874945	-0.440307564074532	98.107458593711	0.452980042634817	MAGI1
ENSG00000148948	22966	-1.65681583443996	7.5800832152734e-07	-2.31338244731706	-1.00024922156285	98.0518229746475	2.46076613451668	LRRC4C
ENSG00000136238	18326	0.243807521578898	8.12212908947589e-07	0.146927095759098	0.340687947398697	95.1459325346496	0.0482374498302532	RAC1
ENSG00000123416	21045	0.453795837065847	9.1282556582607e-07	0.272634161694295	0.634957512437399	95.4594591803134	0.16573987717993	TUBA1B
ENSG00000018236	23084	-2.84456934635539	9.73125019036735e-07	-3.98307400158147	-1.70606469112932	99.1771567512296	7.45299504190222	CNTN1
ENSG00000196338	457	-1.20088111517643	9.81930559638947e-07	-1.6816932299778	-0.720069000375051	98.1926225519606	1.28872848801616	NLGN3
ENSG00000171992	3041	-0.978694251031224	1.00417841422802e-06	-1.3708997121199	-0.58648878994255	98.0605206582739	0.836521817558291	SYNPO
ENSG00000143761	7124	0.257365621471271	1.01672004748552e-06	0.154176441941443	0.360554801001099	96.1204339866865	0.0571333081292658	ARF1
ENSG00000114019	22793	-0.711957585240429	1.04444901198937e-06	-0.997722527615083	-0.426192642865775	96.9208827610775	0.434987635521234	AMOTL2
ENSG00000105695	7841	-2.55463167571252	1.05381807226332e-06	-3.58037742191823	-1.5288859295068	95.3730202776766	5.33882307152352	MAG
ENSG00000115594	18241	-0.880348911985701	1.10006385705007e-06	-1.23444484864814	-0.52625297532326	98.3207481354651	0.678788745498121	IL1R1
ENSG00000166501	21716	-1.38393697052172	1.30618493539257e-06	-1.94450172171028	-0.823372219333164	98.0156476988546	1.69743981784595	PRKCB
ENSG00000100485	19012	-0.39073462795521	1.46460008415335e-06	-0.549751409462335	-0.231717846448084	97.1684999959553	0.138667519883325	SOS2
ENSG00000177606	18043	-0.815730790696309	1.55342148218785e-06	-1.14852093348231	-0.482940647910314	95.5750541163276	0.580448756363833	JUN
ENSG00000064547	1621	0.941544641379923	1.95519398545264e-06	0.55369404317932	1.32939523958053	98.1225965470855	0.805203790816538	LPAR2
ENSG00000185507	20541	0.695600126397981	3.80903971887208e-06	0.40060072511508	0.990599527680882	96.7536102464765	0.479268824189726	IRF7
ENSG00000136869	21885	-0.898085560130207	4.00595747735986e-06	-1.27982216216989	-0.516348958090522	97.756224715842	0.803990436801192	TLR4
ENSG00000184113	8250	-1.40021749918085	4.58802725765337e-06	-1.9990608091962	-0.801374189165498	98.5174814126444	2.0042535354335	CLDN5
ENSG00000132906	8445	-0.317336746965498	4.69090237669804e-06	-0.453192414389648	-0.181481079541348	94.9070524855448	0.0928905545227453	CASP9
ENSG00000158488	13193	-0.879424366442189	5.25077103768639e-06	-1.25787120452047	-0.500977528363904	88.314571747096	0.612878569221277	CD1E
ENSG00000162631	3644	-2.26498702313858	5.63054188299171e-06	-3.24284617046443	-1.28712787581272	98.2076404459857	5.27896533663879	NTNG1
ENSG00000135446	5147	0.658292207909198	6.78555972491194e-06	0.371594166007672	0.944990249810724	99.1088506573275	0.474956491490571	CDK4
ENSG00000136244	29922	-1.46757566147546	8.57744426091617e-06	-2.11392182311968	-0.821229499831233	90.9664291184444	1.92891874395152	IL6
ENSG00000055208	11812	-0.361880334469277	8.77093077811838e-06	-0.521430639326619	-0.202330029611935	97.8474121868865	0.143465934558648	TAB2
ENSG00000127955	2392	-0.856423768113296	1.16480812741074e-05	-1.23930056173749	-0.473546974489105	97.9637770299344	0.804665223100735	GNAI1
ENSG00000134318	30196	-0.397567848773674	1.35213270631578e-05	-0.576637091899655	-0.218498605647693	96.0658929534369	0.16419288339473	ROCK2
ENSG00000162706	23499	-2.50207554580193	1.39308788337698e-05	-3.63073765768893	-1.37341343391493	98.8863474005192	7.20081750617597	CADM3
ENSG00000111245	7805	-2.71063909082286	1.59292775292225e-05	-3.9417459380161	-1.47953224362962	94.4742588924455	7.55397859964767	MYL2
ENSG00000170581	8783	0.355185684710393	1.65184786605282e-05	0.19356819825304	0.516803171167746	97.1310174318998	0.145707732486538	STAT2
ENSG00000076928	30397	0.378700452992182	1.75580610722369e-05	0.205840487022577	0.551560418961788	95.6529618715966	0.151581076623126	ARHGEF1
ENSG00000104067	21831	-0.38933208188022	1.83149555518571e-05	-0.567433757870576	-0.211230405889865	95.0572973631739	0.157655198605422	TJP1
ENSG00000186350	1219	-0.497076126382473	1.85107079549506e-05	-0.724591346122952	-0.269560906641994	97.9642358415501	0.28437078714272	RXRA
ENSG00000164342	9780	-0.961475026687979	2.06665251907184e-05	-1.40408864881093	-0.518861404565033	98.8342328806726	1.09658749878081	TLR3
ENSG00000167553	1194	0.872751990681448	2.26620235732119e-05	0.469022905890164	1.27648107547273	98.646115921789	0.910123338776384	TUBA1C
ENSG00000130429	5150	0.652739204858229	2.3269623179672e-05	0.350362111966755	0.955116297749702	97.8164076991126	0.516596393025895	ARPC1B
ENSG00000112276	11336	-1.19623998564777	2.34281889408318e-05	-1.75059035415701	-0.641889617138522	98.1960523380414	1.61677790033886	BVES
ENSG00000186951	687	-0.613093815636412	2.51745955627884e-05	-0.898300693880576	-0.327886937392248	98.1408672910282	0.45339742105824	PPARA
ENSG00000136950	21391	0.353777022503565	2.64258214046308e-05	0.188773073329879	0.518780971677251	95.9758536241957	0.138202976148776	ARPC5L
ENSG00000135828	29904	-0.35478603217518	2.67316796521188e-05	-0.520363232674375	-0.189208831675984	96.9935622675038	0.149509889376919	RNASEL
ENSG00000137710	14448	-0.659208598601557	2.85358326479981e-05	-0.967947516394294	-0.35046968080882	98.1879669976493	0.516482397588786	RDX
ENSG00000101335	5867	-1.51181853950005	3.00941759628908e-05	-2.22192772271683	-0.801709356283267	99.2399138658063	2.74007494254537	MYL9
ENSG00000123374	5490	0.69480453247137	4.76124164357738e-05	0.359969088344963	1.02963997659778	99.3534499066806	0.638863337677171	CDK2
ENSG00000128594	29702	-0.902730981206969	6.1762533833616e-05	-1.34440143744309	-0.461060524970844	96.8108615078595	1.03416144108285	LRRC4
ENSG00000154229	23670	-0.703982114903943	6.34025109780208e-05	-1.04894634496996	-0.359017884837926	98.1426300712102	0.666206275439561	PRKCA
ENSG00000079337	18264	-0.845256727330257	6.76372573912119e-05	-1.26104151794944	-0.429471936711075	98.5913688848497	0.941095204380347	RAPGEF3
ENSG00000213928	27749	0.487193081816485	7.16886403765839e-05	0.246705920332057	0.727680243300912	94.1273975371868	0.304269862742463	IRF9
ENSG00000184557	14828	-0.820825512770697	7.18559943407629e-05	-1.2260562658608	-0.415594759680592	90.1662929437486	0.758392672897429	SOCS3
ENSG00000150455	8141	-0.232915361195424	7.87728833825729e-05	-0.348541956704461	-0.117288765686388	94.5218694113051	0.0661605706578166	TIRAP
ENSG00000164305	6401	0.42607272102358	8.79522364931174e-05	0.213128781829858	0.639016660217302	98.276274193547	0.249989269847067	CASP3
ENSG00000176986	19996	-0.26822151691971	9.34542226610029e-05	-0.402776489340965	-0.133666544498456	92.2972706720992	0.0810766603925234	SEC24C
ENSG00000115415	1029	0.551878713691734	9.53013702889533e-05	0.274689527442151	0.829067899941318	97.0834603382694	0.426157266420535	STAT1
ENSG00000077264	17830	-1.75762166751479	0.000102161943754982	-2.64424235502398	-0.871000980005592	99.0361669497858	4.54583499066116	PAK3
ENSG00000168040	19037	0.419324936629463	0.000104218853700195	0.207535125356198	0.631114747902728	97.3090969385034	0.250753246604211	FADD
ENSG00000107738	22635	-0.726691491412798	0.000107893186360729	-1.09452344556271	-0.358859537262884	98.6857486393416	0.757494801871797	VSIR
ENSG00000164924	20763	0.375569849841669	0.000118402075233923	0.184344924187227	0.56679477549611	97.8195895351194	0.199510390072344	YWHAZ
ENSG00000162434	13055	-0.311389463914321	0.000139975496921185	-0.471651604091338	-0.151127323737304	97.2008569757911	0.144961814554248	JAK1
ENSG00000263528	22973	0.684512977560077	0.000182157363538542	0.326035908055397	1.04299004706476	97.9961964022336	0.703042456708225	IKBKE
ENSG00000033800	18711	-0.297151662100297	0.000193796229083734	-0.453419810439651	-0.140883513760943	97.0901554800953	0.131727815163104	PIAS1
ENSG00000150637	30562	-0.631938096056471	0.000204676737289333	-0.96550075342838	-0.298375438684562	96.2556103065054	0.604810823180334	CD226
ENSG00000105443	8040	0.302411422823276	0.000218710673294572	0.142060400407062	0.46276244523949	96.9719790426425	0.137583700031325	CYTH2
ENSG00000183067	6815	-1.75524020909873	0.000220303371096886	-2.68640541366961	-0.824075004527853	97.7377796395397	4.89591777005414	IGSF5
ENSG00000131467	27932	0.295975832525493	0.000220402319028783	0.138954071206659	0.452997593844328	98.5052059954483	0.140226506126977	PSME3
ENSG00000072415	19083	-0.402713770083952	0.000247547108140424	-0.618089196663203	-0.187338343504701	97.9641583112381	0.257489297867171	MPP5
ENSG00000184144	9899	-1.63162510325049	0.000269742887869753	-2.50951356569522	-0.75373664080575	98.1907256143689	4.28177239118425	CNTN2
ENSG00000124181	27462	0.335839060886007	0.000271010875310001	0.155082493657547	0.516595628114468	96.7429346387175	0.17323155298765	PLCG1
ENSG00000115053	23090	0.238894307515811	0.000283215024723359	0.10991358859666	0.367875026434963	97.3478298354718	0.0904120786059518	NCL
ENSG00000162409	21822	-1.21932362523969	0.000285469509014494	-1.8780164612728	-0.56063078920657	99.1992612970026	2.48790111854341	PRKAA2
ENSG00000164007	3781	-2.92580442729575	0.000291257425503522	-4.50862082784809	-1.34298802674342	98.1393385039798	13.6625674440822	CLDN19
ENSG00000106617	21104	-0.536453654463276	0.000326467501709906	-0.829058907067088	-0.243848401859463	99.0315261236061	0.471763213092975	PRKAG2
ENSG00000100852	8147	-0.283852416633675	0.000345483678356437	-0.439317036211774	-0.128387797055577	95.8623739153074	0.130592495629881	ARHGAP5
ENSG00000003402	28488	-0.358615069184773	0.000374651804577402	-0.556199714126204	-0.161030424243341	98.1269849199089	0.217626595141663	CFLAR
ENSG00000177707	4672	-0.619747282319239	0.000424607603637941	-0.964406731238539	-0.275087833399939	97.7242653220133	0.645245156458353	NECTIN3
ENSG00000166086	25953	-0.948503907744815	0.000481899561857551	-1.48108351578376	-0.415924299705873	99.3205296104425	1.59893225373512	JAM3
ENSG00000055163	19796	-0.774807341848549	0.000510256187781757	-1.21177349682071	-0.337841186876385	98.3929279494665	1.02093654770131	CYFIP2
ENSG00000089127	17485	0.675103418902217	0.000638832654306664	0.287593660539761	1.06261317726467	97.6068995549227	0.826667373821847	OAS1
ENSG00000142875	490	-0.68556923852487	0.000693820091532943	-1.08170344059574	-0.289435036454002	99.1081754853916	0.890075923752567	PRKACB
ENSG00000158887	2257	-0.928375284214515	0.000729762306366237	-1.46700858521708	-0.389741983211946	98.8034878086479	1.64561925195822	MPZ
ENSG00000108622	4867	-0.705107730693075	0.00074162784953871	-1.11474171257478	-0.295473748811367	98.6066750447978	0.959246588065087	ICAM2
ENSG00000156475	29398	-1.28335708831662	0.000799583498876145	-2.03354482875332	-0.533169347879919	99.16817069703	3.21779990941465	PPP2R2B
ENSG00000188229	20615	0.312107690910386	0.000829749240928439	0.129104624108682	0.495110757712089	94.1780813864883	0.16903564250605	TUBB4B
ENSG00000198910	6372	-1.58839308662515	0.000830114234522872	-2.51977487803643	-0.65701129521386	98.8226878650404	4.93315465984561	L1CAM
ENSG00000102245	7109	-0.846145124138266	0.000884556555630496	-1.34493379812918	-0.34735645014735	95.3868571001989	1.3138167597749	CD40LG
ENSG00000122574	12187	-0.793061876275211	0.000901165857754663	-1.26128976809881	-0.324833984451615	97.395700772861	1.19104073588084	WIPF3
ENSG00000103490	25663	0.648882745624162	0.000916165434405282	0.265246033065372	1.03251945818295	97.5005264467771	0.810793368956851	PYCARD
ENSG00000112062	17728	-0.176167490552633	0.00102636553933197	-0.281333836891682	-0.0710011442135848	95.5935315044034	0.0566119681653374	MAPK14
ENSG00000085733	10197	0.315214345436704	0.00103041183472318	0.126977884038558	0.503450806834849	98.3453644517614	0.193380564294315	CTTN
ENSG00000109063	22816	-0.573879549443763	0.00114731937841788	-0.919789695315299	-0.227969403572227	95.9313158829276	0.612095816424931	MYH3
ENSG00000074966	10097	-0.492942725545024	0.00120419250763204	-0.791331928990781	-0.194553522099266	94.7733012480634	0.442889127757175	TXK
ENSG00000091129	24463	0.59895284280805	0.00131071795596056	0.233656066988905	0.964249618627194	95.1234918877529	0.671545548476689	NRCAM
ENSG00000104825	11837	0.221940671225141	0.00141820302805853	0.0856177125110092	0.358263629939274	93.6561939075681	0.0941627359417922	NFKBIB
ENSG00000149273	23621	0.341794781386521	0.00156160991056761	0.129999371718504	0.553590191054538	96.3213343959749	0.236747378037353	RPS3
ENSG00000206503	18892	0.469352933022374	0.00156456058702191	0.178464721574658	0.76024114447009	97.0977963792137	0.474352850474404	HLA-A
ENSG00000182985	5411	-0.808674243409105	0.00175305684700011	-1.31519082508418	-0.302157661734027	98.8472953440936	1.46734151686713	CADM1
ENSG00000082701	15019	0.186829803663023	0.00176403682255362	0.0697394892533885	0.303920118072657	95.9978592383929	0.0727355953751735	GSK3B
ENSG00000120889	16618	0.607550020212585	0.00180876005060984	0.225886021253708	0.989214019171463	99.0434719829632	0.836475034559398	TNFRSF10B
ENSG00000146938	5108	-0.904164725055801	0.00186865760719283	-1.47391741564655	-0.334412034465051	97.8216104036453	1.80368218186026	NLGN4X
ENSG00000142166	29666	-0.210036326214942	0.00187048361888568	-0.342401434771942	-0.077671217657943	97.4850565146271	0.0984614680398197	IFNAR1
ENSG00000111335	13596	0.584113729389978	0.00208565723204075	0.212140794432643	0.956086664347312	97.0431858312628	0.766963462468238	OAS2
ENSG00000115592	738	-1.16008931815189	0.0021524852846275	-1.90111872263106	-0.419059913672724	88.1230693992881	2.44812461917006	PRKAG3
ENSG00000163599	7494	0.811512830477458	0.00251935399961743	0.285020890906304	1.33800477004861	93.9892215527651	1.42525842851656	CTLA4
ENSG00000196465	12931	0.404601447540189	0.0025360266132253	0.141931094537893	0.667271800542485	97.4270239032849	0.37171303144922	MYL6B
ENSG00000117020	9324	-0.736079255306118	0.00289073597631869	-1.22034534907019	-0.251813161542042	99.2362829527354	1.35210462595443	AKT3
ENSG00000109756	13275	-0.471748196172716	0.00289411581079899	-0.782148353070953	-0.161348039274478	98.526111089559	0.543295191489509	RAPGEF2
ENSG00000171132	15862	-0.706920620169237	0.00304890936284231	-1.17457153276782	-0.239269707570652	99.3467027819142	1.2579061794174	PRKCE
ENSG00000126934	29331	0.218501014560255	0.00307820035014334	0.0738117115069679	0.363190317613542	95.7323720696821	0.109110656649761	MAP2K2
ENSG00000162704	6100	0.282101372768393	0.00310258270856849	0.0951429198482137	0.469059825688571	97.5021963197953	0.191196291723941	ARPC5
ENSG00000102871	19379	0.298433352904929	0.0034404928573296	0.0984863183024779	0.498380387507381	96.7350599600472	0.218226748044953	TRADD
ENSG00000091428	5615	-0.861148562277991	0.00346669241926573	-1.43857462957149	-0.283722494984492	99.1673275933541	1.87851675046683	RAPGEF4
ENSG00000035403	23805	-0.449246653531573	0.00353740833505843	-0.751130037269862	-0.147363269793283	97.416875919667	0.466350654397928	VCL
ENSG00000169398	19948	0.194217247299749	0.00365534023543738	0.0632477060533065	0.325186788546191	97.6501876877155	0.0891572627202076	PTK2
ENSG00000140832	1183	0.86152939052357	0.00382931199249972	0.277632286342864	1.44542649470428	98.9409936156527	1.6984883498603	MARVELD3
ENSG00000197943	29810	-0.741789269564035	0.00385220939775649	-1.24485905436367	-0.238719484764398	99.0619798684286	1.40979131881864	PLCG2
ENSG00000055332	998	0.220486204789393	0.00385431022747311	0.0709470691203065	0.37002534045848	96.2127868463773	0.121201998374197	EIF2AK2
ENSG00000170027	23292	0.277682262570116	0.00428300343914236	0.0871548222448672	0.468209702895364	97.7816837186445	0.194838737854979	YWHAG
ENSG00000254087	12370	0.418175902827969	0.00435708717852539	0.130702584638534	0.705649221017404	97.6989598823065	0.456544051438491	LYN
ENSG00000110400	13183	0.903861506603983	0.00449061956702895	0.280403744838767	1.5273192683692	99.3797153798729	2.26533644877711	NECTIN1
ENSG00000197965	11031	0.383321974389056	0.00452279414355007	0.118705394033068	0.647938554745044	99.113359170545	0.392234792508976	MPZL1
ENSG00000141510	28685	0.370188517332016	0.00460157370281982	0.114140979249025	0.626236055415007	97.9467090945703	0.355586922698835	TP53
ENSG00000174059	13194	-0.866783466807875	0.00466415666346215	-1.467225221218	-0.266341712397749	99.1760346640791	2.06827570017965	CD34
ENSG00000166128	14911	-0.379045516101504	0.00477528046064816	-0.642321357342422	-0.115769674860586	98.0440981582843	0.394843875158096	RAB8B
ENSG00000157601	25016	0.353248742788806	0.00480222412418266	0.107733670739346	0.598763814838266	94.8404185280913	0.315968796549664	MX1
ENSG00000067900	18351	-0.26881977796291	0.00491375696881936	-0.456144937648396	-0.0814946182774238	96.6726983274666	0.189805352273319	ROCK1
ENSG00000180370	24991	0.186014315037822	0.00506125453980156	0.0559511082875582	0.316077521788087	97.252430383164	0.0919718858278079	PAK2
ENSG00000110092	10320	0.495088592950908	0.00506454354330006	0.148891455805455	0.84128573009636	98.0366167829432	0.670864213686707	CCND1
ENSG00000109061	17776	-1.73931401723048	0.00535441919453972	-2.96341273666868	-0.515215297792276	96.9896626565038	7.82695156917383	MYH1
ENSG00000072062	10981	-0.230018483342564	0.00545349994573401	-0.392248110070751	-0.0677888566143771	97.9539791410124	0.146812867991479	PRKACA
ENSG00000100030	16022	-0.156598112246059	0.00568347191609203	-0.2675820557744	-0.0456141687177178	96.0319066293535	0.0640079140368148	MAPK1
ENSG00000197122	22649	0.357984758922773	0.00578213297399302	0.103757975564854	0.612211542280692	98.5750819593389	0.358678362157829	SRC
ENSG00000131409	16211	-0.824029157594753	0.00604609461178605	-1.41233809574349	-0.235720219446016	98.5465806860189	1.84290282083724	LRRC4B
ENSG00000160293	16094	0.35330633701926	0.00606930738410577	0.100950530583009	0.605662143455511	98.2220644956263	0.349977480494326	VAV2
ENSG00000187554	17404	-0.518929168266401	0.00616448315000415	-0.890276025698159	-0.147582310834644	98.248930466815	0.755959833857673	TLR5
ENSG00000038427	21989	0.832694673579655	0.00636959138112337	0.234462203668651	1.43092714349066	97.4665213305421	1.92115413074677	VCAN
ENSG00000170606	17345	0.196544295177505	0.00640699589244827	0.0552409988902932	0.337847591464717	97.715834255925	0.110492255940163	HSPA4
ENSG00000183735	13661	0.127620639221998	0.00658820671844533	0.0355579297389029	0.219683348705094	94.9842356652681	0.0447629962045985	TBK1
ENSG00000169760	20564	-1.64931820169935	0.00660964539472873	-2.83957104717443	-0.459065356224276	99.4050929578354	8.19585210676229	NLGN1
ENSG00000156284	24823	-3.08459211453601	0.00686684760096154	-5.3210579302509	-0.84812629882112	99.5191225868723	28.0858409438387	CLDN8
ENSG00000091409	20181	0.539608163796425	0.00731616887721623	0.145285524340905	0.933930803251946	98.6769351825296	0.875989955993118	ITGA6
ENSG00000149564	18335	-0.67108265865499	0.00745069058612837	-1.16259925734032	-0.17956605996966	99.0688286117709	1.38025704649306	ESAM
ENSG00000179776	5716	-0.696731199648878	0.00771215773638081	-1.20925132969344	-0.184211069604311	98.9145573986512	1.48734407754084	CDH5
ENSG00000138802	5350	-0.230718922803578	0.00802051905570755	-0.401283180518937	-0.0601546650882197	98.5070964699855	0.164832648193426	SEC24B
ENSG00000204252	29034	-0.557279819726108	0.00807257074842802	-0.969601599297366	-0.144958040154851	97.9065436631811	0.938726938789116	HLA-DOA
ENSG00000133026	15980	-0.535824478735781	0.00815671030429653	-0.932797239209421	-0.138851718262141	98.5684421189964	0.861572106558433	MYH10
ENSG00000234745	5266	0.44840804705512	0.00865672818101211	0.113643809728685	0.783172284381555	97.7318488275149	0.636459690507312	HLA-B
ENSG00000118046	26385	0.148980224450392	0.00874802102559747	0.0376057037235379	0.260354745177245	93.3467976801511	0.0637158548088374	STK11
ENSG00000119139	1574	-0.336925035722728	0.00928165211646768	-0.590763369470782	-0.0830867019746754	98.1535813569267	0.355915386532636	TJP2
ENSG00000158477	2075	0.900803817353373	0.0094072545344435	0.220935096775061	1.58067253793168	90.5268019034027	2.09444317686927	CD1A
ENSG00000106299	18153	-0.200895106018301	0.00958246675350877	-0.352889179238784	-0.0489010327978167	97.4402434086735	0.122852534805909	WASL
ENSG00000162711	16771	-0.477309072972038	0.00970447100126824	-0.839042066102929	-0.115576079841146	95.7079854189389	0.697473649086112	NLRP3
ENSG00000240771	2422	-0.803984347664565	0.00981048418856344	-1.41417520308889	-0.193793492240242	99.2305650202634	2.04036316562868	ARHGEF25
ENSG00000100906	21064	-0.370253962821112	0.00989183293299293	-0.65157195170038	-0.0889359739418429	97.5738417840717	0.446425961589949	NFKBIA
ENSG00000132155	3905	-0.222119939772406	0.0100997424821519	-0.391357941009995	-0.0528819385348174	99.1897538739345	0.165219704239653	RAF1
ENSG00000173482	1553	-0.622423513329678	0.0105054464729303	-1.09919376712571	-0.14565325953365	99.1780747663948	1.28736064152669	PTPRM
ENSG00000130164	19398	-0.690748858858119	0.0109779782145538	-1.22304555042339	-0.158452167292848	97.8836400014679	1.56903203207115	LDLR
ENSG00000132356	11651	-0.193090481282184	0.0111171767540653	-0.342145739689766	-0.0440352228746012	96.9434824199667	0.121955541448843	PRKAA1
ENSG00000130202	16395	0.292064803321415	0.011429374400761	0.0657417512453138	0.518387855397516	97.4734820379305	0.268133151772136	NECTIN2
ENSG00000168610	27756	-0.221512566963208	0.0131879020085069	-0.396670771323761	-0.0463543626026545	97.2041578136582	0.166877647354561	STAT3
ENSG00000073008	3237	0.278851769021559	0.0134579100120963	0.0577075396399565	0.499995998403161	97.7324098181934	0.269128301030277	PVR
ENSG00000111679	12137	0.366401000694523	0.0143341416257518	0.0731394198126552	0.65966258157639	98.0819060819895	0.468662936659403	PTPN6
ENSG00000160007	13734	-0.265075461535083	0.0145875235572453	-0.477786514863397	-0.0523644082067687	97.5050217408391	0.252728602290964	ARHGAP35
ENSG00000163558	17546	0.229345154408179	0.0145894706472775	0.0453024242407118	0.413387884575646	96.4471679450199	0.187533411192544	PRKCI
ENSG00000213281	11984	0.241827422290082	0.0150109486254363	0.0469463921541419	0.436708452426021	97.5549955910364	0.204882884132261	NRAS
ENSG00000156711	19378	0.539782463845854	0.0163221446441185	0.0992676635524884	0.98029726413922	98.9486323579421	1.04959601132591	MAPK13
ENSG00000051523	6235	0.493377071536612	0.0171539172584762	0.087652250421938	0.899101892651286	97.698735682464	0.907879722117648	CYBA
ENSG00000204525	24776	0.341964041157885	0.0176303395107471	0.0595557573302311	0.624372324985539	97.40236928489	0.447754966638945	HLA-C
ENSG00000134873	21560	-1.56223474452495	0.0187953289717181	-2.86542192112146	-0.259047567928428	99.1289217238461	9.48394936087534	CLDN10
ENSG00000169439	7305	-0.64385931818236	0.0193232865473943	-1.18332679328388	-0.104391843080845	99.1267363379493	1.60674564470624	SDC2
ENSG00000184574	10247	0.584783561836425	0.0194926830276034	0.094129328072927	1.07543779559992	98.0758824398319	1.35538534076043	LPAR5
ENSG00000133020	13345	-1.57649683009595	0.0201925090303698	-2.90676271785895	-0.24623094233295	97.3190704713065	9.6414150870619	MYH8
ENSG00000107643	15095	-0.152101578919249	0.0203969105454458	-0.280656154201861	-0.0235470036366368	96.9343351856089	0.0894785012171041	MAPK8
ENSG00000157625	21838	-0.168915284396176	0.0204079771355146	-0.311693180214207	-0.0261373885781443	96.3854373701627	0.104974036759747	TAB3
ENSG00000121594	11089	0.686696295120736	0.0216838973203025	0.100467122762394	1.27292546747908	97.0869700373336	1.79411393391146	CD80
ENSG00000012124	17905	-0.842228593757041	0.0245065133878886	-1.5761853238644	-0.108271863649684	97.5784899079243	2.88606346227413	CD22
ENSG00000197442	12389	-0.358804203058662	0.0245340383155729	-0.671542827894248	-0.0460655782230761	98.2576008431467	0.543806652695	MAP3K5
ENSG00000110076	20128	-0.749282453214346	0.0260439494991842	-1.40914756268467	-0.0894173437440215	98.193960664753	2.45931637835954	NRXN2
ENSG00000108953	3491	0.143537229942098	0.0266259086828289	0.0166391549073441	0.270435304976851	97.3811730235286	0.0876468733568288	YWHAE
ENSG00000030110	9021	0.403060815453378	0.0266537788726839	0.0466581753277761	0.75946345557898	98.8605000834027	0.7338023582478	BAK1
ENSG00000160223	14189	-0.258746069604056	0.026743604761997	-0.487675218509121	-0.0298169206989907	61.5430796185457	0.154560975302863	ICOSLG
ENSG00000144847	25693	-1.13269730205401	0.0267798383373566	-2.13510570211357	-0.130288901994443	98.7574664566777	5.60674293187321	IGSF11
ENSG00000115904	12750	-0.135309291370713	0.0269993764284277	-0.255227049063059	-0.0153915336783671	94.3108874486079	0.0766009988428482	SOS1
ENSG00000137221	3757	0.183488716075563	0.0270838190371325	0.0207822813561439	0.346195150794982	97.797264923893	0.13831903046461	TJAP1
ENSG00000188130	12911	0.443378773924065	0.0271447891941936	0.0500616417881646	0.836695906059965	97.5752368192607	0.855091877970236	MAPK12
ENSG00000120899	18159	-0.329296394249094	0.027165743078862	-0.621451982244218	-0.0371408062539702	98.374862446439	0.461460761682512	PTK2B
ENSG00000184009	6960	0.186910884118008	0.0275163594815298	0.0207041107625567	0.353117657473459	95.8210914187417	0.142297103273624	ACTG1
ENSG00000133627	22433	0.303020995551656	0.0275428799959125	0.0335195214006375	0.572522469702675	98.9626923214261	0.411708610881695	ACTR3B
ENSG00000110651	7689	-0.383863592737885	0.0279889316679083	-0.726243048129644	-0.0414841373461253	98.9865644118463	0.650247041062723	CD81
ENSG00000169429	8257	0.843162109629764	0.0285622975103725	0.0883843697513182	1.59793984950821	96.4932806811827	2.96781315863643	CXCL8
ENSG00000078061	26181	-0.150176653517565	0.0286092204997328	-0.284650721000174	-0.0157025860349561	97.2855200019962	0.0990965055021073	ARAF
ENSG00000143226	7190	0.48412105828398	0.0314701843078143	0.0430117053837628	0.925230411184197	97.7575547711988	1.08703665142834	FCGR2A
ENSG00000082126	9984	0.799035929939794	0.032650533470636	0.0659732858079177	1.53209857407167	96.9901814557506	2.79073044375254	MPP4
ENSG00000128340	1149	0.461463120026005	0.0350494452525298	0.0323632008339109	0.8905630392181	97.5035668970292	0.988184568667767	RAC2
ENSG00000166025	23483	-0.472322480756607	0.0353088556858542	-0.912143713501567	-0.0325012480116463	98.6734275259133	1.07105170471553	AMOTL1
ENSG00000135341	28919	0.095275095362858	0.0354658601771188	0.00648011312157645	0.18407007760414	95.3161821045217	0.0408969058871074	MAP3K7
ENSG00000064012	7471	0.276489760309759	0.0358120777559668	0.0183211816684898	0.534658338951028	98.552198918435	0.356793500172146	CASP8
ENSG00000189143	8020	0.709978862774474	0.036586714894368	0.0442838584945067	1.37567386705444	98.5348782202227	2.30343486484984	CLDN4
ENSG00000001626	19381	-1.19359964624846	0.037856290293752	-2.32026311006483	-0.0669361824320944	98.9783272072274	6.99193353123906	CFTR
ENSG00000128245	9805	0.299772103333256	0.038736504497034	0.0155197488837006	0.584024457782812	98.8653578040929	0.444704950082224	YWHAH
ENSG00000213937	11664	0.770202670311906	0.0393622589701388	0.037536978995954	1.50286836162786	97.301704743047	2.94420675664278	CLDN9
ENSG00000181847	26266	0.51089563841529	0.0395328497110923	0.0244784343861193	0.997312842444461	96.1662188381703	1.27029204840805	TIGIT
ENSG00000198001	3079	0.150430767442819	0.0406137170229581	0.00642794130854654	0.294433593577092	97.1953820656013	0.108576249563476	IRAK4
ENSG00000184697	19768	1.04123074696155	0.043200093117674	0.0318308069205206	2.05063068700258	94.9183987293637	4.78870235781073	CLDN6
ENSG00000104833	3188	-1.10512254915725	0.0447933892921777	-2.18456624458547	-0.0256788537290307	98.9270608924823	6.73576328229176	TUBB4A
ENSG00000138798	25670	-1.04607459509299	0.0458108021353676	-2.07268080896131	-0.0194683812246723	98.6516296812868	5.72221274816836	EGF
ENSG00000097007	11425	-0.243650089236371	0.0460629866366948	-0.483043334771348	-0.00425684370139368	98.4575731500775	0.310441895157538	ABL1
ENSG00000204642	2302	0.323939906894747	0.0484937245480438	0.00214296832360727	0.645736845465888	97.169825514654	0.576023643425502	HLA-F
ENSG00000131791	8340	-0.231430683626959	0.0487904142520067	-0.461633444657433	-0.00122792259648505	96.5441452466342	0.273099282556892	PRKAB2
ENSG00000121879	4671	-0.178982057079814	0.050371574865341	-0.358253971247859	0.000289857088231676	96.5997914772783	0.175058160120302	PIK3CA
ENSG00000266094	12147	-0.328350153926828	0.0520911423201511	-0.659672836282415	0.00297252842875928	97.5357612450802	0.58468951612521	RASSF5
ENSG00000204592	19947	-0.28190515778484	0.0525647557475884	-0.566934723964672	0.00312440839499178	98.3718660090054	0.4660785139075	HLA-E
ENSG00000179295	5531	-0.136236005021955	0.0529584558000119	-0.274211123613524	0.00173911356961468	95.2292376699255	0.0987818364207008	PTPN11
ENSG00000066032	28480	-1.18880760907175	0.0532853348557816	-2.39444693292166	0.0168317147781549	98.3669731432134	8.25355103874976	CTNNA2
ENSG00000171608	15349	-0.249290931351747	0.0555802187473672	-0.504526797092967	0.0059449343894718	96.3449741742758	0.348813389975651	PIK3CD
ENSG00000010810	2678	-0.436622016669829	0.055744566380038	-0.883956698268638	0.0107126649289791	98.9931170645184	1.1394403714651	FYN
ENSG00000181885	6119	0.702058421292733	0.0578978930941853	-0.0235048910204544	1.42762173360592	99.062666998655	2.77360324432628	CLDN7
ENSG00000111537	3223	0.960865931070085	0.0583583758479463	-0.0339921814873657	1.95572404362754	93.0244920714552	4.90888055897574	IFNG
ENSG00000126016	24846	-0.403665185541257	0.0606984409773256	-0.825467833907861	0.0181374628253483	98.304344151446	0.990549197794044	AMOT
ENSG00000067560	4394	-0.139814318072444	0.0611011437011716	-0.286138788227811	0.0065101520829233	98.251966578842	0.118320176147065	RHOA
ENSG00000136286	20632	0.466564458455499	0.0612416386514447	-0.0219896156989568	0.955118532609956	97.7992375259017	1.32568799617981	MYO1G
ENSG00000171217	24390	-0.519491766484192	0.0624733456877631	-1.06604474020903	0.0270612072406431	92.4835789986684	1.40672068951482	CLDN20
ENSG00000186575	30076	0.167080792247232	0.0624926513185805	-0.00871646710274898	0.342878051597213	97.9313808804349	0.175572060557933	NF2
ENSG00000067141	13858	-0.237809842492422	0.0628965711296427	-0.488411073165808	0.0127913881809647	97.6077557259705	0.3405057209738	NEO1
ENSG00000062038	12444	1.10883010906495	0.0649737167212328	-0.0688122726329854	2.28647249076288	99.3009196512034	8.00439720668763	CDH3
ENSG00000158195	16172	-0.209890403783074	0.0670790727093537	-0.434546499851742	0.0147656922855936	98.5373636721419	0.279284027106763	WASF2
ENSG00000181929	25959	0.119707698907042	0.069611424253174	-0.00960160063052266	0.249016998444606	97.9418469373284	0.0927442318840749	PRKAG1
ENSG00000198502	26770	-0.39276759760447	0.0696592127571054	-0.817111210184294	0.0315760149753541	96.1094591357776	0.966885169467371	HLA-DRB5
ENSG00000158769	1569	0.351342524729857	0.0698181033161864	-0.0284616183624228	0.731146667822136	99.1856960086945	0.777440266566375	F11R
ENSG00000134001	15324	0.121538454335332	0.0725105462731496	-0.0111031718554343	0.254180080526098	97.2533048143184	0.0957570151784553	EIF2S1
ENSG00000101162	27160	-0.482626726072657	0.0731387328729898	-1.01050061253769	0.0452471603923798	96.987676556584	1.49612939288038	TUBB1
ENSG00000185745	19383	-0.351297985336541	0.0741764847111089	-0.736916823880982	0.0343208532079008	97.0661374244762	0.826025683991682	IFIT1
ENSG00000095203	1293	-0.788230979639672	0.0761424602078583	-1.65932558075568	0.0828636214763404	99.4434870970594	4.11791007216919	EPB41L4B
ENSG00000134308	10656	0.141532401242484	0.0763631893211546	-0.014996281312144	0.298061083797112	97.513105706008	0.134346700252282	YWHAQ
ENSG00000070831	3285	-0.125375437193047	0.0774847202587772	-0.264562888027838	0.0138120136417448	97.573223320716	0.110019676436815	CDC42
ENSG00000102882	25740	-0.240827419910168	0.0819679453079012	-0.512195994808792	0.0305411549884549	98.9760566596095	0.414370608633353	MAPK3
ENSG00000163600	5253	0.568596238447529	0.0850362411836706	-0.0785055368635594	1.21569801375862	95.8113329640346	2.16842170527618	ICOS
ENSG00000143545	14473	0.227603520242072	0.0864678300270148	-0.0326114138986212	0.487818454382766	98.8590003044257	0.373353921999203	RAB13
ENSG00000213341	11703	-0.114055957704535	0.0891300844827285	-0.245553005565925	0.0174410901568559	97.056739384907	0.0924757191423397	CHUK
ENSG00000104408	12742	0.174749113117015	0.0902571645100132	-0.0274311287915793	0.37692935502561	97.9306635650059	0.225867621857086	EIF3E
ENSG00000149269	17570	0.265423276997892	0.0923204590388361	-0.0436277180078985	0.574474272003683	99.3407656585943	0.555304734817474	PAK1
ENSG00000145555	19651	0.364533131952896	0.0926521864998742	-0.0603505578941045	0.789416821799896	98.8228797914835	1.00585981341644	MYO10
ENSG00000204010	28377	-0.735876077934566	0.0983247102720641	-1.60838922323117	0.13663706736204	85.2928940319783	3.19275745218098	IFIT1B
ENSG00000137275	16004	-0.136286996066089	0.0999302920560085	-0.298649600802212	0.0260756086700343	98.6985236760178	0.152669397668666	RIPK1
ENSG00000104365	28246	0.144526776570834	0.102996016651827	-0.0292036137832411	0.31825716692491	98.2205676300717	0.169648470484747	IKBKB
ENSG00000204632	11795	0.334205987945685	0.104270281661044	-0.0690158389255983	0.737427814816968	95.4001551553121	0.896499290683199	HLA-G
ENSG00000104880	14644	-0.213710221755091	0.107467825510424	-0.473926194849128	0.0465057513389462	97.4889429891238	0.368647310937931	ARHGEF18
ENSG00000092841	4396	-0.21192271259639	0.114012626393236	-0.474740874826091	0.0508954496333104	97.6536747949392	0.374138097256281	MYL6
ENSG00000116815	9401	0.282766274550187	0.124579674070288	-0.0780881932357859	0.64362074233616	98.8958258369072	0.755331459826181	CD58
ENSG00000050820	15516	0.140317403640593	0.124785995366844	-0.0388478330778432	0.319482640359029	95.1822670640638	0.165777467767035	BCAR1
ENSG00000026103	12417	-0.336319135237281	0.125413980833373	-0.766465532790256	0.0938272623156939	98.9327276601466	1.08253494156634	FAS
ENSG00000188389	11303	0.328990357859235	0.125946981458969	-0.0923759787075762	0.750356694426045	93.2632266624007	0.875581483061024	PDCD1
ENSG00000213445	953	0.167669185560806	0.128346660402791	-0.04843884511802	0.383777216239632	96.3202241159011	0.245251508513349	SIPA1
ENSG00000006453	13252	0.502988526644577	0.128449598949184	-0.145485818524801	1.15146287181396	99.4856650851707	2.38010880284625	BAIAP2L1
ENSG00000025434	26013	-0.223988857683606	0.130690236533799	-0.514457481029036	0.0664797656618235	97.8712075084753	0.463422169473271	NR1H3
ENSG00000142949	11722	0.248577221218464	0.132414137184011	-0.0752206504796685	0.572375092916597	98.126004397802	0.573340526113961	PTPRF
ENSG00000137267	7173	-0.334669452218828	0.135026521189782	-0.773551385999284	0.104212481561628	98.148146580093	1.06787778655445	TUBB2A
ENSG00000162692	1645	-0.488422120770848	0.136743179594261	-1.13174937060332	0.154905129061624	98.3942495601012	2.33746188555086	VCAM1
ENSG00000158485	4501	-0.434082962053469	0.13699759844743	-1.00620783379418	0.138041909687247	84.0325302389872	1.24080137718983	CD1B
ENSG00000158473	29120	-0.440238250537951	0.141761782079447	-1.02750669410767	0.147030193031769	98.9243114556776	1.96979524064787	CD1D
ENSG00000109320	11319	-0.132581904279011	0.143814109333755	-0.310354161641304	0.0451903530832832	98.0766634897052	0.178992894783552	NFKB1
ENSG00000081237	8668	-0.33527362642571	0.147652271255878	-0.789128173605868	0.118580920754447	97.5663493879691	1.13162865832323	PTPRC
ENSG00000196586	30777	0.211297612938351	0.149202100144231	-0.0758269555888808	0.498422181465583	98.2035236977408	0.443602822345602	MYO6
ENSG00000021645	27384	-0.625306517328787	0.149694967534241	-1.4760422997296	0.225429265072025	98.9915622308818	3.99739703589318	NRXN3
ENSG00000157483	6436	0.132103525077999	0.151321858808879	-0.0483425803921093	0.312549630548106	94.4855275404651	0.156246279710081	MYO1E
ENSG00000154096	17745	0.496233404642978	0.153123207365426	-0.184579283930064	1.17704609321602	98.7560436313735	2.62827298918236	THY1
ENSG00000049759	30026	-0.305567197680647	0.153462710793685	-0.72513978127581	0.114005385914517	98.9183009193297	0.971804740214217	NEDD4L
ENSG00000113263	30685	-0.325330275873207	0.153630216688763	-0.772221399630045	0.121560847883631	96.1448485690848	1.05076710658831	ITK
ENSG00000162512	2797	-0.283097629592805	0.154091927187523	-0.67241217880722	0.106216919621611	98.123151040985	0.805424154385629	SDC3
ENSG00000148498	19043	-0.14807939141365	0.159511426995639	-0.354396899872412	0.0582381170451128	98.0933855322198	0.233087202790086	PARD3
ENSG00000254999	29290	-0.0965335262580163	0.160968905583422	-0.231502488071616	0.0384354355555837	96.7868718588096	0.0998221462115671	BRK1
ENSG00000131899	14026	0.166351677769669	0.167133720645154	-0.0696597461557547	0.402363101695092	98.2942475588763	0.302362607389392	LLGL1
ENSG00000125753	1835	0.178659471672021	0.167882348248747	-0.0752606972482173	0.432579640592258	97.7476476186556	0.344189739084145	VASP
ENSG00000181104	15182	0.379315495277725	0.171394731260867	-0.164243142367661	0.922874132923112	98.9479568857069	1.70520124213203	F2R
ENSG00000116701	25815	0.349485278352913	0.172015384925733	-0.152052534760082	0.851023091465908	98.3301763922423	1.42040543324207	NCF2
ENSG00000125538	11998	-0.284363195592949	0.173491675783347	-0.693851142628014	0.125124751442116	92.6191376188625	0.801149432208255	IL1B
ENSG00000114353	26103	-0.166105941161308	0.173508978232599	-0.405311008159791	0.0730991258371751	98.819688661217	0.322778559989224	GNAI2
ENSG00000039068	29133	0.376998551138212	0.17356108272341	-0.165973530719277	0.919970632995702	98.675930332911	1.44446408456427	CDH1
ENSG00000197646	14804	-0.347512677079026	0.174820211204103	-0.849483155801225	0.154457801643174	98.2971485894688	1.44122618119176	PDCD1LG2
ENSG00000115884	14728	0.517191744747498	0.178494994762841	-0.236245615027464	1.27062910452246	99.3269100755994	3.09421417847587	SDC1
ENSG00000071051	21174	0.150837452257502	0.179030209551626	-0.069171203673336	0.370846108188341	98.7007487182878	0.277134261945033	NCK2
ENSG00000066405	5061	-0.902158910459371	0.180609731414848	-2.22281418331278	0.41849636239404	99.1776085854454	9.94457091855703	CLDN18
ENSG00000173039	15886	0.0744696134664614	0.18316765462414	-0.0351852647604985	0.184124491693421	96.2149158186208	0.0630403981389839	RELA
ENSG00000115091	24470	0.123218880945151	0.186239670541705	-0.0594920158709882	0.305929777761289	97.8648029462946	0.181895942093104	ACTR3
ENSG00000128829	19475	0.0860228408524244	0.187420333878454	-0.0418753635536352	0.213921045258484	96.9880369361809	0.0902234546042769	EIF2AK4
ENSG00000065135	14903	0.138853787216523	0.190060768538983	-0.0688297857878753	0.346537360220921	98.9890341492787	0.24722372208967	GNAI3
ENSG00000178462	9891	-1.13371414377734	0.190262810112603	-2.83018338793455	0.562755100379873	99.2112902825999	16.01295912055	TUBAL3
ENSG00000139644	2001	-0.149741803517235	0.197222850207957	-0.377339772822891	0.0778561657884205	98.8835538411849	0.290441435869352	TMBIM6
ENSG00000106631	17740	-0.723607065875223	0.197326424769813	-1.82369783050199	0.376483698751544	92.9322698861676	6.03248839976753	MYL7
ENSG00000106526	11697	-0.214660007561158	0.198140883567047	-0.54159830311474	0.112278287992424	98.2705374208541	0.581308374289593	ACTR3C
ENSG00000112290	28139	0.255706907441654	0.20040362935681	-0.135714028520841	0.647127843404149	98.6326035732825	0.869870500962183	WASF1
ENSG00000261456	3152	0.47399977570251	0.202513177659325	-0.254974616803048	1.20297416820807	94.6876143499122	2.77297935873283	TUBB8
ENSG00000253958	14239	-0.338053813578463	0.202813828111838	-0.858300312155457	0.182192684998532	98.9333654595642	1.46035899735199	CLDN23
ENSG00000113575	10030	-0.041294100841308	0.207553107693857	-0.10551176046783	0.0229235587852143	89.6579193792252	0.0192585986913121	PPP2CA
ENSG00000170017	28196	0.237623877745929	0.21076862927455	-0.134530416264519	0.609778171756377	98.31162713247	0.779317100017477	ALCAM
ENSG00000231389	10457	-0.285477519847569	0.214211557639151	-0.735956688010267	0.165001648315128	98.083230319749	1.15563004907071	HLA-DPA1
ENSG00000196954	1111	0.214838377622574	0.218854819470375	-0.127616643452414	0.557293398697562	98.8289564051867	0.681760442686951	CASP4
ENSG00000129910	25705	0.467618069582694	0.224279363286601	-0.28657374353182	1.22180988269721	97.0539851196777	3.12691678682794	CDH15
ENSG00000166913	67	0.083897744609504	0.224792645075015	-0.051565593126729	0.219361082345737	98.1756244109574	0.103426215422944	YWHAB
ENSG00000104689	12065	0.210068579386719	0.233336239740548	-0.135395276344223	0.55553243511766	98.081796388478	0.650702767047836	TNFRSF10A
ENSG00000126583	4444	0.655241632396432	0.234746789202187	-0.42557683459273	1.73606009938559	95.7764900438034	6.48119555429519	PRKCG
ENSG00000082458	15284	0.241569278553355	0.236614403033458	-0.158490270171558	0.641628827278268	99.312825067594	0.928766353849515	DLG3
ENSG00000175470	27668	-0.0932807053895867	0.238765745768915	-0.248471545141424	0.0619101343622503	98.7087668349134	0.13531929583695	PPP2R2D
ENSG00000073350	12493	0.276046685537226	0.240976446125537	-0.185376467459293	0.737469838533746	98.9817464815536	1.13979857263532	LLGL2
ENSG00000152939	16816	0.304150291663375	0.242028769917325	-0.205387158559056	0.813687741885807	99.0495416804091	1.39365953597982	MARVELD2
ENSG00000172071	12771	-0.101961107912891	0.243102472146273	-0.273164492963248	0.0692422771374668	96.868055356187	0.153288372376043	EIF2AK3
ENSG00000241553	27121	0.0754102625487317	0.244967499279036	-0.0517132350548712	0.202533760152335	94.7999300706025	0.0851149815624792	ARPC4
ENSG00000150782	11806	0.278830598884065	0.252578461418881	-0.198831897647997	0.756493095416127	97.975996127893	1.25738913610645	IL18
ENSG00000132694	19805	0.11451418676368	0.253837165617848	-0.0821801146217329	0.311208488149093	97.9716720390784	0.21016281152519	ARHGEF11
ENSG00000197879	3270	-0.16680817647676	0.254903547121803	-0.453968798090118	0.120352445136599	98.7084917451374	0.443788594362337	MYO1C
ENSG00000115935	8138	-0.194502524350038	0.258318899744714	-0.531752081221131	0.142747032521055	97.6875016853814	0.628932439712941	WIPF1
ENSG00000006788	21384	-0.532824919156684	0.258499554839348	-1.45704511560039	0.391395277287021	95.1756773838995	4.38439222837342	MYH13
ENSG00000159110	22939	0.141608286372997	0.258715830570505	-0.10413227368329	0.387348846429284	98.6463458745791	0.347872591301545	IFNAR2
ENSG00000156299	22173	-0.346793391639355	0.258898469781246	-0.948833662237683	0.255246878958973	99.1125075963601	2.09200141921726	TIAM1
ENSG00000221914	29873	-0.0686139914723857	0.261119370783479	-0.188285652381828	0.0510576694370567	96.1180344894977	0.0754919994026652	PPP2R2A
ENSG00000137713	23648	-0.163155269612363	0.26241926150589	-0.448495608589897	0.12218506936517	98.5658774129046	0.455136469433227	PPP2R1B
ENSG00000113946	23418	-0.920403798397553	0.26409606668401	-2.53575081799759	0.69494322120248	99.4153495443685	14.7634661628973	CLDN16
ENSG00000078814	9904	-0.221072556359565	0.264251941934429	-0.609190744324951	0.167045631605821	97.2123536588274	0.841030916029958	MYH7B
ENSG00000176014	11137	-0.301676028054659	0.264664666084311	-0.831760616041488	0.22840855993217	98.4780291249051	1.50900760517829	TUBB6
ENSG00000131323	27278	0.0974335511963418	0.265235869770306	-0.0739748357046856	0.268841938097369	95.9800477098364	0.156358352712556	TRAF3
ENSG00000105568	24417	0.0945454732133898	0.269458424270634	-0.0732567027670085	0.262347649193788	98.2370454425286	0.157350965692888	PPP2R1A
ENSG00000123338	22305	-0.296295434217067	0.270015869682405	-0.822782003129572	0.230191134695438	98.3370582291289	1.53417953406108	NCKAP1L
ENSG00000170558	25654	-0.408783190626386	0.270823236376052	-1.13637408795586	0.318807706703089	98.9383732311965	2.98884026661795	CDH2
ENSG00000130545	646	0.244222936808716	0.272121691052122	-0.191647285284251	0.680093158901683	98.5346588239622	0.947020321786889	CRB3
ENSG00000197471	16617	-0.291747730260815	0.273802984327317	-0.814265031077589	0.230769570555959	98.3648762550314	1.56454918518914	SPN
ENSG00000172115	4537	0.144994459028417	0.279129054391346	-0.117584969592007	0.407573887648841	97.8387475039024	0.387969699405852	CYCS
ENSG00000163347	19133	0.586262751868308	0.280931952659522	-0.479424394035126	1.65194989777174	99.2321143201937	6.48300637112616	CLDN1
ENSG00000061676	21889	-0.0753934969535079	0.297784118466294	-0.21731528106456	0.0665282871575442	96.1247690586391	0.100189900335331	NCKAP1
ENSG00000127666	3911	0.0997187011890803	0.30165706766248	-0.0895035253837577	0.288940927761918	95.6722865779451	0.188939124728055	TICAM1
ENSG00000127314	5890	-0.112909999740784	0.306769667366183	-0.329440717807101	0.103620718325534	98.1611414121382	0.269451349591804	RAP1B
ENSG00000128833	9037	-0.206366127394248	0.314711188247312	-0.608669639863661	0.195937385075165	98.3846205199179	0.88092423422708	MYO5C
ENSG00000060138	11813	0.208023851838837	0.314779669208684	-0.197568727801606	0.613616431479281	98.812096937676	0.911196000278773	YBX3
ENSG00000167552	10022	-0.290178604027524	0.319521829581029	-0.861522980051042	0.281165771995994	99.0469324546071	1.82891645066067	TUBA1A
ENSG00000167461	25584	0.0873477313917118	0.322122122436879	-0.0855613722312498	0.260256835014673	98.7806027316935	0.168434656558203	RAB8A
ENSG00000076984	192	0.0547755957357279	0.329215949266276	-0.0552570123829672	0.164808203854423	95.8480605880045	0.0636822178660712	MAP2K7
ENSG00000153563	13429	-0.236590440875697	0.329936578668126	-0.712559367524645	0.23937848577325	96.3011379218864	1.19821150768493	CD8A
ENSG00000107201	3087	0.112889666177177	0.332429143067482	-0.115393696532894	0.341173028887249	97.2277104214361	0.286949486261149	DDX58
ENSG00000147145	14562	-0.436991173112116	0.336058444025526	-1.32732654654773	0.453344200323496	98.2907135023542	4.32999387824974	LPAR4
ENSG00000158987	22850	0.0804807351090074	0.340723218937637	-0.0850836359688333	0.246045106186848	97.3203942624505	0.147244867828275	RAPGEF6
ENSG00000139626	16164	-0.188769415323283	0.342532232880204	-0.578562371895479	0.201023541248913	96.9078623325424	0.793319925961547	ITGB7
ENSG00000138069	15670	-0.0491969943608815	0.346115103003352	-0.151541831197192	0.0531478424754293	95.5810200362702	0.0532420185578609	RAB1A
ENSG00000076662	14622	-0.227900920976543	0.34905569272075	-0.704905256544427	0.249103414591341	96.7393385690215	1.23914677925963	ICAM3
ENSG00000113615	21042	-0.101763119152016	0.34996898250221	-0.315160823589873	0.111634585285841	97.6151604255254	0.256251338955584	SEC24A
ENSG00000165215	7814	0.384695204751019	0.350922217747882	-0.423610052910009	1.19300046241205	98.5188579093139	3.18997598857699	CLDN3
ENSG00000196126	6337	-0.192520603878201	0.356278917826636	-0.601563583319671	0.21652237556327	97.4258441046921	0.940028942421191	HLA-DRB1
ENSG00000180210	22815	0.683146524614103	0.363172015071923	-0.789290960445967	2.15558400967417	98.346824274959	12.3039229082127	F2
ENSG00000108669	14609	-0.0942010275524712	0.368735600396508	-0.299609930378267	0.111207875273324	98.0422211603736	0.229391833053281	CYTH1
ENSG00000137285	24871	-0.332461076637396	0.38433935300994	-1.08150144406814	0.41657929079335	98.60184027773	3.2251101296195	TUBB2B
ENSG00000105855	14029	0.27306566373891	0.384675585834316	-0.342591126795522	0.888722454273343	98.6047513537292	2.10307313088323	ITGB8
ENSG00000120868	8103	-0.0723537259911251	0.387360264398402	-0.236407784878162	0.0917003328959116	94.8761860799662	0.139025284847923	APAF1
ENSG00000138071	29663	0.0554175182969288	0.387522671369475	-0.0702785652604848	0.181113601854342	95.664680527422	0.0828772160768942	ACTR2
ENSG00000116824	10844	0.203666604985163	0.396427132595569	-0.267052793435442	0.674386003405768	96.5585029354437	1.19940686110656	CD2
ENSG00000111725	10554	-0.0881117159415142	0.397549618887696	-0.292242503439472	0.116019071556444	98.2406416015635	0.227898933902324	PRKAB1
ENSG00000146535	310	0.0966734675296121	0.400256638041129	-0.128581946358356	0.32192888141758	98.209680515021	0.271087304959551	GNA12
ENSG00000074211	11535	0.488725289674536	0.404523267887015	-0.660408946945339	1.63785952629441	99.0558817816033	7.55901072989051	PPP2R2C
ENSG00000114013	28056	0.200518310662777	0.404601417042235	-0.271036542298323	0.672073163623877	98.1145466641751	1.23931939505096	CD86
ENSG00000010610	21963	-0.212506206799694	0.405888613384646	-0.713624248633955	0.288611835034567	98.6296033977905	1.42832570099611	CD4
ENSG00000163466	15382	0.0672403037651526	0.40631448339701	-0.0914652406862348	0.22594584821654	97.3765070531156	0.134206868994757	ARPC2
ENSG00000165806	6312	-0.112692654271784	0.409085632040501	-0.38025477385097	0.154869465307402	98.5878890072579	0.403017998864059	CASP7
ENSG00000090863	16575	0.0732865869863272	0.40976397340395	-0.100967316608932	0.247540490581586	98.2095798663509	0.172346071015497	GLG1
ENSG00000121858	29935	-0.189591080061013	0.410621821031366	-0.641209645547964	0.262027485425937	98.0208428854846	1.11476590515479	TNFSF10
ENSG00000156232	5877	-0.0479389510408291	0.411702543255512	-0.162396837868379	0.066518935786721	96.9383787203054	0.0730226646052848	WHAMM
ENSG00000141736	30165	0.135734730574028	0.411952565147832	-0.188515581020695	0.459985042168751	98.0001523274132	0.553028970490819	ERBB2
ENSG00000204287	19148	-0.189044310897257	0.414001108674808	-0.642627817650522	0.264539195856009	98.1525825990102	1.18127371919367	HLA-DRA
ENSG00000121966	28544	0.232402014696975	0.416884509926269	-0.328669894128436	0.793473923522386	97.762596610116	1.75552405112544	CXCR4
ENSG00000109062	9313	0.221340248289427	0.41755461268701	-0.313795333783284	0.756475830362139	98.7856921821434	1.58869744028094	SLC9A3R1
ENSG00000223865	24753	-0.179569941718836	0.419380060188568	-0.615423586972535	0.256283703534864	98.0508917563595	1.07778019957343	HLA-DPB1
ENSG00000124171	20203	0.158449901615385	0.422056702520824	-0.228363240787996	0.545263044018766	97.8581368653264	0.793153002785415	PARD6B
ENSG00000249437	29971	-0.152946211579452	0.42361859478036	-0.527583015561173	0.221690592402269	95.0985775060807	0.748628474584172	NAIP
ENSG00000241106	23375	0.167205454077376	0.424362062752638	-0.243016518414678	0.57742742656943	94.7717964095406	0.861928597422538	HLA-DOB
ENSG00000095015	12630	0.104551316251554	0.430059799048792	-0.155136411316653	0.364239043819761	97.4940373215049	0.365209330325804	MAP3K1
ENSG00000008256	22204	-0.107156665427921	0.433753088997971	-0.375459038565092	0.161145707709251	98.2137999879846	0.397576473207778	CYTH3
ENSG00000102981	28159	-0.120900719022413	0.436221630027662	-0.425247345741906	0.18344590769708	97.2032859673307	0.514262994936265	PARD6A
ENSG00000013725	30020	0.143772296500849	0.437097401911984	-0.218841350509351	0.506385943511048	94.8828874214615	0.677640208279631	CD6
ENSG00000073060	17667	0.265086597661804	0.441270351566127	-0.409623249982931	0.939796445306539	99.5414470252753	2.66080726850697	SCARB1
ENSG00000120217	26393	0.137480064562739	0.447225296581997	-0.217044414155088	0.492004543280566	97.372181483746	0.69618077689565	CD274
ENSG00000069869	7786	-0.124030493193937	0.450098253623597	-0.445903916399461	0.197842930011588	97.9851028045232	0.595076065038825	NEDD4
ENSG00000138448	14724	0.107340203209691	0.453285951873505	-0.173189778802033	0.387870185221416	97.8566930707066	0.421689157401172	ITGAV
ENSG00000128641	9687	0.182249994837181	0.463447002000831	-0.304945656865095	0.669445646539458	99.3396301087463	1.3442608866781	MYO1B
ENSG00000050748	26447	-0.0654672928867156	0.465223781426184	-0.241173729241825	0.110239143468393	98.90971839971	0.175138734048041	MAPK9
ENSG00000118680	3350	0.0701951402238654	0.469959203449965	-0.12021495800032	0.260605238448051	97.3555331268957	0.196778028286898	MYL12B
ENSG00000142208	11353	0.062221309972273	0.470062072476745	-0.10659822297556	0.231040842920106	98.2219769411964	0.159514621441631	AKT1
ENSG00000158092	23894	0.0783397912563987	0.473790093869136	-0.136008390424878	0.292687972937675	98.4833652268957	0.260050255245773	NCK1
ENSG00000160255	17653	0.161655319320864	0.49330353422319	-0.300839575262415	0.624150213904142	97.5949852143805	1.20327847948345	ITGB2
ENSG00000089159	10020	0.073311267625191	0.501279695544292	-0.140357476359945	0.286980011610327	98.4556278828242	0.257477730474532	PXN
ENSG00000150961	18586	0.090685781129369	0.50191554442893	-0.174014844226204	0.355386406484941	97.7476355944884	0.380173074608005	SEC24D
ENSG00000232810	20222	-0.151712282549752	0.505827770132818	-0.59862201066241	0.295197445562906	94.1460395284688	1.06350687547635	TNF
ENSG00000165168	13134	-0.165325285440339	0.506213169010536	-0.652777273802854	0.322126702922175	97.6197532715739	1.32574861190292	CYBB
ENSG00000130402	3942	-0.0637646088962972	0.509160010820801	-0.253080757645771	0.125551539853176	97.3770653075624	0.190520072743109	ACTN4
ENSG00000140750	6332	-0.0572212276078652	0.510864391684489	-0.227795906021628	0.113353450805897	98.1801645633614	0.159880566752485	ARHGAP17
ENSG00000273749	30185	0.0417954465657086	0.514526688289238	-0.0838825000540994	0.167473393185517	96.6825126085566	0.0808553483971717	CYFIP1
ENSG00000044115	30041	-0.0729629361909068	0.523412964246012	-0.297075511630989	0.151149639249176	99.0953688372208	0.274136805124693	CTNNA1
ENSG00000174469	24107	0.29108254518601	0.533476622636627	-0.625095793800161	1.20726088417218	98.8502434854988	4.87861319411076	CNTNAP2
ENSG00000124762	3816	-0.12324368568883	0.534076189288269	-0.511720432278209	0.265233060900549	95.6102893935573	0.781752005687554	CDKN1A
ENSG00000152086	23792	0.334540570785991	0.545045150945057	-0.748879615284852	1.41796075685683	91.2278120690267	5.69349580768874	TUBA3E
ENSG00000108797	20423	-0.146255523864194	0.546296742698484	-0.621386815635502	0.328875767907115	98.341946120664	1.23314199525579	CNTNAP1
ENSG00000120063	20542	-0.0664119667290451	0.549954854614358	-0.284142002012566	0.151318068554476	98.1581492455662	0.266967638233217	GNA13
ENSG00000215375	12129	0.0621185682011602	0.554446874168156	-0.143850208922091	0.268087345324412	95.7061529713528	0.230302540423124	MYL5
ENSG00000174527	15286	0.16400122892259	0.554622751281702	-0.380025141133998	0.708027598979179	97.7616982306249	1.56540622759712	MYO1H
ENSG00000159261	19503	0.346065687988131	0.559211812679952	-0.815341183021123	1.50747255899739	98.5120254503485	7.48208828900986	CLDN14
ENSG00000179344	8959	0.135592760442446	0.56374001310372	-0.324755598615434	0.595941119500326	96.0964038975655	1.13787632110726	HLA-DQB1
ENSG00000088888	7434	0.0512533999709013	0.570627892554681	-0.12587591331744	0.228382713259243	97.0921903032616	0.174966487611498	MAVS
ENSG00000147065	15222	-0.105393511640943	0.575175983507045	-0.473971173955998	0.263184150674111	99.2038526085731	0.788305850754898	MSN
ENSG00000157764	16979	-0.0411395249310549	0.586907214686867	-0.189544691942759	0.107265642080649	97.0541431951585	0.119695787853715	BRAF
ENSG00000204257	6897	-0.112512888568301	0.587783757243897	-0.519340726415891	0.294314949279289	98.1862346102778	0.934048814986518	HLA-DMA
ENSG00000167306	2327	0.112793216459679	0.58811593507599	-0.295411329960304	0.520997762879662	98.2822861020962	0.85235679497276	MYO5B
ENSG00000067182	30031	-0.0861686490327706	0.588145973576752	-0.398042598444133	0.225705300378592	98.8453767398167	0.548682633196935	TNFRSF1A
ENSG00000051382	25465	-0.0516334090800245	0.589454273246617	-0.23916964604429	0.135902827884242	97.8486913386578	0.191889615818115	PIK3CB
ENSG00000005844	21951	-0.141030606590775	0.591128887557981	-0.655577283388734	0.373516070207184	98.3823075164902	1.49240718290391	ITGAL
ENSG00000168036	27579	-0.0441715763666871	0.607808890384447	-0.212866212516901	0.124523059783526	97.9754409684707	0.160439072269978	CTNNB1
ENSG00000100345	17059	-0.0537963197089028	0.611434716959888	-0.261342258160032	0.153749618742227	97.2501490474009	0.239568206149409	MYH9
ENSG00000197535	12276	-0.0990038976272901	0.614262999550991	-0.484013744177211	0.286005948922631	98.988091019685	0.854106668958459	MYO5A
ENSG00000169032	19844	-0.0553667176390719	0.618723563042151	-0.27342066675103	0.162687231472886	98.9836711856321	0.274817972442703	MAP2K1
ENSG00000132849	28854	0.055900235564565	0.625651853099442	-0.168679254798424	0.280479725927554	96.6446430010868	0.266911426794523	PATJ
ENSG00000105357	21081	-0.157701097408914	0.626617415295129	-0.793040651041909	0.477638456224081	99.0018472469909	2.121711183263	MYH14
ENSG00000087245	5078	-0.124408529979067	0.632935306786358	-0.634953981648257	0.386136921690123	97.7822395320819	1.36561384342215	MMP2
ENSG00000150093	20924	-0.0715276424164987	0.633504912261187	-0.365553972874437	0.22249868804144	97.5527462702785	0.454312299693552	ITGB1
ENSG00000134258	14427	-0.354957451408479	0.634431679508888	-1.81806148718601	1.10814658436906	98.5737661501908	11.7069922510709	VTCN1
ENSG00000143375	20212	-0.16386782254055	0.635630083764499	-0.841713319054252	0.513977673973151	98.8963091187457	2.42017717108756	CGN
ENSG00000092820	11101	-0.0938568655893252	0.636127950333697	-0.482672143415843	0.294958412237192	98.7131000809981	0.842411213737809	EZR
ENSG00000099866	4953	-0.123657336764297	0.63782847868482	-0.638517797749372	0.391203124220777	96.6181112217586	1.42104826499553	MADCAM1
ENSG00000168421	3365	0.110892165762635	0.6379362948723	-0.350967257287056	0.572751588812326	96.0932952173774	1.13151418125569	RHOH
ENSG00000105221	5109	-0.0373718231716993	0.639495848831996	-0.193748494238938	0.119004847895539	98.1014522572757	0.138225650989344	AKT2
ENSG00000188404	27122	-0.0818926339781336	0.648020026997915	-0.433484103109096	0.269698835152828	94.3755435934821	0.642793743343759	SELL
ENSG00000134215	25937	0.126709989767101	0.649164647535403	-0.419200033620454	0.672620013154656	98.5645191298203	1.61614392670165	VAV3
ENSG00000146648	10080	-0.142217057592927	0.652156813746553	-0.760584712487635	0.476150597301781	99.3777384031923	2.22468008493491	EGFR
ENSG00000134321	16501	0.108002366134597	0.653487358403452	-0.363528049942818	0.579532782212012	98.0551064305246	1.26422627896886	RSAD2
ENSG00000165376	7811	-0.333966420367738	0.656602558698509	-1.80618717321969	1.13825433248421	99.0869775821555	11.774398035516	CLDN2
ENSG00000136574	29719	-0.271991956361877	0.662634725944021	-1.49390529293984	0.949921380216087	97.1415028770047	8.05614203227316	GATA4
ENSG00000100324	8001	0.0230373151642373	0.66322621770595	-0.0806506753194599	0.126725305647935	94.6341547508286	0.0538191320491892	TAB1
ENSG00000124145	17609	-0.100069772009268	0.665421199783157	-0.55361909032721	0.353479546308673	98.907109730062	1.15394565966298	SDC4
ENSG00000157388	25181	-0.131021007677249	0.66823823886603	-0.73021868793341	0.468176672578912	98.5879976668263	1.98503863542865	CACNA1D
ENSG00000116584	2687	0.056626259023839	0.681806899619226	-0.214070764383881	0.327323282431559	98.5139122334071	0.415637072261786	ARHGEF2
ENSG00000117461	1632	0.0481947644945248	0.68238646805582	-0.18264096641497	0.279030495404019	96.0764745297066	0.284033673961339	PIK3R3
ENSG00000105289	20359	-0.156133859146911	0.682760264665002	-0.904891334714376	0.592623616420554	99.0505489085253	3.01083813709756	TJP3
ENSG00000127824	13931	0.0937624459886744	0.693376663724013	-0.372333963339372	0.559858855316721	99.0190118135997	1.24111212217554	TUBA4A
ENSG00000141968	12993	0.0819170108784972	0.701350599631773	-0.336740759027465	0.500574780784459	97.5018293970447	0.959985433619299	VAV1
ENSG00000165246	25153	-0.103723331328499	0.707978546813429	-0.64645959808738	0.439012935430381	76.6251565001944	0.695068477421478	NLGN4Y
ENSG00000171475	27055	-0.0266240981408766	0.712150040213228	-0.168050947962426	0.114802751680673	97.6508269454365	0.111347079509248	WIPF2
ENSG00000165527	6999	0.0293804618143064	0.728398270345826	-0.136446723916506	0.195207647545118	97.3638494352057	0.150984156453825	ARF6
ENSG00000185386	17319	0.0662325417355707	0.728527407114861	-0.307777769913499	0.440242853384641	98.15321998456	0.780890751204257	MAPK11
ENSG00000180209	12735	0.0729554906583741	0.728883413169263	-0.339582028621976	0.485493009938724	93.4568373627673	0.830331128677394	MYLPF
ENSG00000198561	14370	-0.0298491499485775	0.737657901882913	-0.204508424166745	0.14481012426959	97.2278998281339	0.155255595674118	CTNND1
ENSG00000101017	23324	-0.0588652550176711	0.740184915202459	-0.406786935572647	0.289056425537305	98.1090949780515	0.680125353440431	CD40
ENSG00000180353	22357	-0.0662702325664399	0.74159783130277	-0.460180589695885	0.327640124563005	97.6670147437651	0.855601743799222	HCLS1
ENSG00000166866	24493	0.106573127699023	0.743919628695208	-0.532852890549014	0.74599914594706	97.5479289538501	2.22858606957801	MYO1A
ENSG00000133703	16224	0.0288441681355939	0.744103623875998	-0.144346345918042	0.20203468218923	97.5117597149537	0.165182542773032	KRAS
ENSG00000144821	1150	-0.124275933559399	0.746892569901597	-0.878991079384547	0.63043921226575	98.4511031807065	3.15642181652387	MYH15
ENSG00000002586	30470	-0.0581906719029992	0.765777681098089	-0.441039664340531	0.324658320534533	99.0499943736677	0.804264157973608	CD99
ENSG00000117560	23165	0.0779512926698678	0.769831067894487	-0.444208244632121	0.600110829971857	95.0912081434069	1.41812093975967	FASLG
ENSG00000136997	5671	-0.0755296760523201	0.780998252055955	-0.607996078324533	0.456936726219893	98.1295322491374	1.58402236257197	MYC
ENSG00000172936	24245	0.0471606389166758	0.791760692817161	-0.302931856174999	0.39725313400835	99.1225343759043	0.71191169877356	MYD88
ENSG00000264424	17932	-0.131427726791159	0.793979439186157	-1.11782229950272	0.854966845920405	94.8554283432574	5.05917201354238	MYH4
ENSG00000105810	27654	0.0383444238124043	0.798915258076507	-0.256663747505612	0.333352595130421	97.6315293996636	0.473041410876367	CDK6
ENSG00000088827	13949	-0.0853327653269496	0.799136249830765	-0.74259042271929	0.571924892065391	98.0182703652669	2.41680932673968	SIGLEC1
ENSG00000101336	15935	0.0612057925583067	0.802882249071692	-0.419371813662066	0.541783398778679	98.215076249252	1.31609815222669	HCK
ENSG00000090339	24089	0.0591008417371338	0.807493233056082	-0.416295018590719	0.534496702064987	97.4870795723834	1.24047189689221	ICAM1
ENSG00000136754	22747	0.015118265390015	0.818814571055447	-0.114236367788762	0.144472898568792	97.5883915645604	0.0915280690217031	ABI1
ENSG00000176658	18861	-0.029488676164283	0.820924636875676	-0.284824398809836	0.22584704648127	97.3916386430343	0.33303623900696	MYO1D
ENSG00000179242	11612	0.0760753680479481	0.8236839318243	-0.593129119386509	0.745279855482405	97.6160589788186	2.50633018600305	CDH4
ENSG00000196358	4099	-0.0490485060132788	0.826978527805456	-0.488860180589052	0.390763168562494	97.533850927709	1.05692376987323	NTNG2
ENSG00000075886	29493	0.0678519352280733	0.827512430770196	-0.542481162851592	0.678185033307738	97.1730089696992	2.06516833766663	TUBA3D
ENSG00000115232	25965	-0.0493990689361179	0.828431769434258	-0.496166242638936	0.3973681047667	97.5036485136666	1.08203165968561	ITGA4
ENSG00000067606	18450	-0.057150633662102	0.829815128488244	-0.57829082329893	0.463989555974726	99.3481570120241	1.53680059890522	PRKCZ
ENSG00000142347	15498	0.0502518878733185	0.829867953291717	-0.408125112271486	0.508628888018123	98.413888276124	1.20209263458209	MYO1F
ENSG00000100365	9699	-0.0435429025764302	0.841164976348605	-0.469396222252049	0.382310417099188	97.669310184878	1.00211963832483	NCF4
ENSG00000196735	20470	-0.0464045193244731	0.845259080771636	-0.512412206875671	0.419603168226725	97.1023737099708	1.20757361897306	HLA-DQA1
ENSG00000237541	29892	0.0697125616627954	0.845285226372314	-0.630481090695537	0.769906214021128	94.229097586982	2.50675817987252	HLA-DQA2
ENSG00000072110	9580	-0.0304420248350789	0.848816220548027	-0.34343350722536	0.282549457555202	97.2332196150774	0.501935616827506	ACTN1
ENSG00000169992	105	-0.0311251581143108	0.860242969138785	-0.377612134069775	0.315361817841154	98.3602734547992	0.642335386709141	NLGN2
ENSG00000170348	30084	0.0076629420546451	0.864452737229998	-0.0803178169729728	0.095643701082263	94.367576326001	0.0397343863689139	TMED10
ENSG00000075624	30103	0.0159418675222271	0.866430884672973	-0.169828962628992	0.201712697673446	95.8842341363784	0.175968886210056	ACTB
ENSG00000139687	8324	-0.0160130253245236	0.867416467743387	-0.204013287651213	0.171987237002166	97.4986171194343	0.197204773748636	RB1
ENSG00000242574	28705	-0.0355403513020299	0.876756002250556	-0.484705481484241	0.413624778880181	98.0442032902552	1.13500738279081	HLA-DMB
ENSG00000269335	9778	-0.0122139237172883	0.878268730402941	-0.168509187410502	0.144081339975925	96.7134633008878	0.131381234327053	IKBKG
ENSG00000172116	27330	0.0338630034618244	0.880429706509869	-0.407356768415851	0.4750827753395	94.2330422021564	0.976058351419735	CD8B
ENSG00000175866	5873	-0.029880985766461	0.895746188117459	-0.47682147397594	0.417059502443018	98.9760353925464	1.14895964329266	BAIAP2
ENSG00000183785	7996	-0.0301644398815018	0.903682191335327	-0.51872444587524	0.458395566112237	95.9013509759608	1.27870308553154	TUBA8
ENSG00000158517	21224	-0.0315945138618908	0.906877556371073	-0.560960338765656	0.497771311041875	97.4312260860496	1.55239260989457	NCF1
ENSG00000106404	11506	0.0167060962111059	0.910556495388596	-0.274769138043221	0.308181330465433	96.6369835875487	0.457068477497905	CLDN15
ENSG00000075711	18226	-0.0088591005892071	0.926158556099205	-0.196210197097359	0.178491995918944	98.3642344920325	0.196554334690894	DLG1
ENSG00000100055	30724	-0.0170808674009177	0.926685522077157	-0.380908615788924	0.346746880987089	96.6620060152366	0.728930235323412	CYTH4
ENSG00000197822	12343	-0.0266830132681293	0.927663888346522	-0.602748199698131	0.549382173161873	98.7343346080618	1.76806016997177	OCLN
ENSG00000002330	24067	-0.0068482752072753	0.933813591580659	-0.168470676797816	0.154774126383265	94.7507434178538	0.13597057756783	BAD
ENSG00000169896	5876	0.019697267310658	0.935144984454197	-0.454732013723658	0.494126548344974	97.6798190090317	1.26458825809432	ITGAM
ENSG00000101608	27259	-0.00698231146143992	0.95909605392031	-0.273810555076627	0.259845932153747	98.6427052735666	0.410742731395843	MYL12A
ENSG00000178562	8344	-0.00972891805313597	0.959789433208179	-0.387935028550356	0.368477192444084	93.3768444998167	0.719800857756901	CD28
ENSG00000137752	21930	-0.00706757668696277	0.97348718705632	-0.423862988081308	0.409727834707382	98.7769453766714	1.00463892269716	CASP1
ENSG00000110876	14138	-0.00722360770488384	0.974605150488203	-0.451981146231752	0.437533930821984	97.9587230583445	1.10588808611	SELPLG
ENSG00000123728	20393	-0.00341198681432302	0.977676141663402	-0.24239639354411	0.235572419915464	98.6973115146567	0.317252371964843	RAP2C
ENSG00000178184	18129	-0.00442678797025621	0.979831877229866	-0.347640904545511	0.338787328604999	98.3144272374558	0.666655049973434	PARD6G
ENSG00000160505	25788	0.00945436392994892	0.984599444604034	-0.950514430551173	0.969423158411071	92.7679789304294	4.51836974293148	NLRP4
ENSG00000015285	662	-0.00311378776023055	0.988609996008576	-0.430616163258486	0.424388587738025	97.9637404427573	1.00967689586912	WAS
ENSG00000177885	20599	-0.000211483260654414	0.997378939798803	-0.126390277533373	0.125967311012064	98.0385309908367	0.0883866573871529	GRB2
